$SPEC_ID:
No sample description was entered.
$SPEC_REM:
DET# 7089150
DETDESC# PRAKTIKUM 926
AP# Maestro Version 7.01
$DATE_MEA:
01/22/2002 03:39:36
$MEAS_TIM:
2574 2596
$DATA:
0 8191
       0
       0
       0
       0
       0
       0
       0
       0
       0
       0
       0
       0
       0
       0
       0
       0
       0
       0
       0
       0
       0
       0
       0
       0
       0
       0
       0
       0
       0
       0
       0
       0
       0
       0
       0
       0
       0
       0
       0
       0
       0
       0
       0
       0
       0
       0
       0
       0
       0
       0
       0
       0
       3
      15
      45
     198
     402
     593
     737
     752
     805
     764
     803
     721
     752
     792
     764
     714
     693
     712
     705
     670
     658
     677
     695
     657
     665
     716
     631
     674
     700
     644
     628
     625
     622
     616
     562
     589
     637
     599
     613
     570
     555
     584
     557
     612
     573
     592
     538
     531
     557
     513
     551
     580
     502
     521
     544
     529
     561
     506
     548
     529
     516
     493
     523
     541
     518
     483
     515
     485
     507
     530
     431
     481
     494
     435
     473
     491
     487
     471
     491
     469
     484
     454
     478
     473
     444
     462
     480
     485
     431
     444
     449
     412
     444
     382
     412
     398
     414
     457
     447
     456
     405
     408
     403
     406
     401
     418
     412
     421
     428
     405
     430
     379
     403
     424
     402
     401
     422
     388
     433
     407
     415
     441
     391
     429
     414
     398
     412
     431
     362
     371
     349
     384
     389
     411
     397
     399
     392
     408
     374
     338
     375
     368
     366
     383
     351
     358
     380
     368
     365
     370
     384
     366
     385
     336
     402
     354
     369
     365
     370
     382
     387
     398
     341
     377
     361
     338
     341
     348
     367
     358
     383
     369
     357
     325
     395
     360
     353
     400
     435
     427
     355
     397
     411
     375
     366
     361
     350
     349
     383
     363
     359
     372
     383
     330
     323
     335
     362
     365
     394
     343
     362
     368
     346
     343
     365
     341
     386
     336
     349
     378
     409
     389
     411
     390
     419
     378
     360
     367
     368
     375
     352
     378
     396
     348
     367
     373
     386
     355
     372
     361
     358
     347
     360
     362
     405
     373
     389
     389
     375
     371
     390
     426
     426
     372
     389
     403
     405
     437
     412
     424
     408
     415
     400
     442
     445
     495
     601
     614
     731
     795
     877
     846
     777
     618
     553
     473
     436
     466
     433
     432
     416
     445
     422
     431
     410
     420
     483
     460
     465
     470
     531
     505
     515
     508
     467
     501
     507
     491
     521
     494
     481
     447
     473
     481
     497
     546
     461
     491
     510
     475
     506
     483
     541
     473
     492
     528
     560
     568
     565
     575
     675
     768
     975
    1212
    1461
    1633
    1727
    1601
    1337
    1073
     889
     862
    1014
    1351
    1883
    2436
    2739
    2775
    2510
    1930
    1325
     968
     715
     584
     569
     665
     682
     683
     652
     598
     568
     564
     547
     547
     580
     640
     646
     617
     607
     497
     510
     468
     453
     440
     529
     583
     668
     740
     858
     881
     838
     785
     683
     571
     564
     462
     437
     438
     488
     530
     630
     691
     872
    1082
    1248
    1264
    1251
    1150
    1022
     774
     643
     586
     515
     487
     606
     690
     756
     800
     783
     798
     788
     670
     600
     515
     534
     539
     632
     834
    1172
    1427
    1706
    1773
    1825
    1464
    1308
     999
     812
     674
     632
     653
     751
     751
     695
     649
     623
     524
     483
     443
     410
     401
     367
     415
     396
     450
     449
     543
     558
     650
     730
     795
     789
     673
     612
     557
     457
     387
     360
     375
     373
     377
     365
     381
     358
     339
     332
     368
     381
     363
     364
     369
     366
     372
     383
     372
     380
     358
     339
     386
     373
     359
     339
     358
     370
     389
     382
     377
     360
     370
     418
     364
     329
     378
     373
     379
     392
     365
     377
     377
     381
     370
     440
     421
     428
     433
     417
     426
     462
     448
     476
     450
     533
     535
     491
     491
     466
     430
     436
     458
     517
     481
     436
     400
     402
     418
     435
     386
     388
     428
     393
     427
     421
     387
     364
     353
     386
     364
     353
     371
     363
     376
     353
     367
     362
     331
     359
     350
     361
     357
     369
     359
     369
     356
     341
     356
     377
     374
     343
     390
     362
     370
     362
     382
     362
     376
     409
     398
     387
     397
     368
     343
     364
     331
     326
     372
     341
     371
     399
     380
     382
     368
     343
     333
     379
     357
     360
     360
     347
     365
     371
     374
     355
     336
     389
     371
     350
     356
     352
     373
     350
     403
     407
     367
     422
     367
     369
     389
     360
     390
     387
     334
     336
     380
     353
     362
     357
     347
     352
     376
     369
     384
     383
     355
     348
     350
     384
     387
     364
     340
     384
     373
     380
     390
     350
     411
     402
     365
     374
     358
     398
     377
     386
     390
     372
     416
     343
     380
     376
     405
     398
     379
     382
     408
     414
     388
     405
     386
     406
     399
     362
     410
     381
     379
     410
     432
     438
     525
     529
     606
     617
     603
     556
     519
     455
     426
     412
     410
     379
     338
     374
     341
     387
     400
     409
     375
     354
     416
     374
     373
     388
     386
     377
     412
     402
     372
     427
     412
     452
     425
     433
     386
     388
     368
     470
     404
     407
     398
     426
     424
     404
     423
     369
     382
     437
     424
     420
     454
     462
     497
     470
     443
     482
     460
     428
     401
     398
     387
     370
     370
     404
     410
     401
     361
     390
     381
     371
     378
     389
     345
     396
     359
     401
     368
     354
     347
     361
     381
     340
     353
     350
     373
     347
     370
     331
     381
     359
     377
     350
     388
     378
     387
     421
     395
     429
     388
     415
     409
     368
     344
     376
     333
     356
     321
     339
     347
     346
     326
     364
     372
     319
     318
     340
     342
     330
     303
     318
     340
     331
     333
     314
     333
     346
     334
     357
     311
     354
     328
     338
     321
     314
     323
     312
     306
     357
     329
     343
     359
     324
     326
     307
     307
     309
     337
     309
     305
     314
     329
     324
     321
     323
     304
     316
     323
     296
     349
     315
     333
     323
     308
     311
     327
     314
     305
     296
     313
     308
     318
     310
     313
     340
     301
     334
     348
     332
     299
     328
     314
     314
     307
     323
     324
     309
     328
     313
     361
     332
     311
     311
     351
     345
     342
     294
     344
     357
     338
     386
     505
     665
     914
    1221
    1478
    1826
    2010
    1973
    1703
    1500
    1076
     801
     594
     427
     336
     338
     326
     312
     307
     326
     303
     300
     277
     300
     301
     300
     299
     267
     292
     317
     296
     294
     301
     303
     272
     290
     288
     300
     311
     288
     287
     309
     276
     277
     287
     310
     298
     311
     275
     289
     301
     303
     270
     281
     294
     290
     281
     319
     291
     281
     299
     285
     304
     284
     304
     267
     292
     275
     293
     297
     267
     290
     282
     277
     278
     274
     285
     234
     269
     272
     261
     255
     281
     279
     276
     292
     291
     295
     246
     263
     264
     250
     275
     231
     269
     284
     261
     282
     307
     305
     293
     301
     279
     281
     253
     256
     258
     269
     234
     227
     235
     243
     247
     232
     223
     238
     211
     228
     234
     221
     235
     246
     247
     208
     229
     226
     249
     224
     250
     230
     218
     255
     204
     212
     253
     226
     224
     235
     203
     211
     194
     207
     244
     210
     217
     234
     212
     223
     208
     234
     212
     244
     207
     218
     201
     226
     243
     245
     213
     198
     222
     222
     200
     211
     227
     217
     211
     228
     228
     227
     230
     197
     222
     206
     208
     214
     203
     214
     235
     237
     222
     215
     208
     205
     188
     223
     192
     194
     205
     196
     205
     195
     194
     213
     212
     205
     209
     195
     207
     225
     210
     196
     213
     198
     210
     201
     179
     179
     185
     201
     207
     207
     195
     185
     181
     171
     182
     178
     191
     205
     187
     204
     206
     180
     185
     206
     197
     183
     210
     180
     184
     174
     210
     195
     178
     188
     190
     184
     181
     188
     179
     214
     214
     221
     258
     296
     298
     309
     307
     274
     261
     226
     214
     209
     204
     169
     175
     227
     190
     189
     190
     221
     196
     203
     188
     189
     203
     204
     218
     249
     339
     511
     725
     984
    1371
    1541
    1711
    1740
    1438
    1070
     806
     532
     371
     272
     223
     174
     187
     176
     173
     156
     186
     169
     184
     166
     163
     168
     180
     169
     147
     154
     186
     163
     175
     158
     155
     184
     155
     157
     178
     160
     149
     161
     156
     172
     157
     155
     156
     169
     165
     154
     143
     145
     155
     152
     173
     201
     141
     176
     152
     145
     152
     163
     144
     163
     140
     147
     165
     174
     158
     176
     155
     172
     182
     185
     217
     217
     224
     185
     206
     179
     140
     152
     196
     175
     205
     238
     260
     224
     246
     234
     230
     170
     181
     165
     177
     159
     113
     139
     127
     145
     148
     138
     136
     139
     150
     144
     157
     143
     143
     132
     158
     115
     134
     127
     137
     156
     137
     151
     139
     138
     138
     124
     128
     147
     125
     120
     119
     123
     143
     151
     149
     148
     144
     162
     191
     188
     231
     234
     238
     261
     235
     235
     197
     187
     196
     226
     203
     253
     214
     220
     202
     151
     151
     135
     161
     169
     160
     139
     159
     162
     168
     181
     203
     215
     204
     188
     200
     202
     136
     135
     141
     142
     130
     143
     126
     108
     123
     130
     158
     149
     153
     113
     131
     139
     134
     131
     119
     121
     132
     121
     131
     138
     140
     142
     129
     142
     126
     141
     134
     130
     148
     131
     135
     132
     149
     141
     134
     150
     138
     144
     125
     124
     132
     133
     145
     134
     119
     116
     138
     130
     136
     138
     139
     136
     121
     131
     133
     135
     129
     125
     116
     128
     143
     113
     130
     146
     143
     128
     116
     132
     127
     119
     133
     122
     118
     138
     123
     131
     108
     126
     126
     114
     139
     154
     167
     296
     443
     749
    1131
    1717
    2305
    2820
    3160
    3026
    2766
    2273
    1635
    1145
     714
     418
     282
     182
     144
     155
     136
     135
     129
     121
     107
     110
     114
     117
     145
     129
     160
     134
     156
     135
     131
     126
     106
     116
     127
     111
     123
     132
     127
     127
     117
     132
     110
     132
     125
     118
      97
     120
     131
     113
     112
     118
     115
     114
     107
     108
     139
     119
     116
     103
     107
     107
     101
     115
     120
     114
     104
     107
      94
     118
     119
     105
      98
     102
     119
     110
     102
     107
     118
     111
     111
     104
     128
      98
     113
     100
      94
     110
     108
     108
     128
     124
     107
     110
     123
     109
     114
      93
     123
     119
     122
      96
     108
     112
     119
     105
     111
      99
     110
     106
     106
     110
     112
      99
      97
     102
      97
     129
     101
     114
      82
      85
      93
      95
     114
      99
      93
      95
     107
      96
      93
     110
      93
     125
      97
     112
      98
      98
     113
     107
     120
     130
     139
     115
     116
     119
     100
     101
     102
     102
     111
      93
      99
      92
     118
      85
     109
     110
      98
      90
      88
     103
      97
     112
     127
     110
      95
     109
     120
     133
     132
     130
      97
     118
     142
     122
     123
     110
     114
     105
     107
      98
     113
      94
      76
     103
      90
      87
     117
     115
     108
      83
     113
      97
     107
     125
      95
      97
     100
      96
     119
      87
     114
     102
     104
     111
      94
     107
      97
     120
     118
     111
     109
     113
     130
     102
     115
     100
      95
      87
      96
      92
     106
      85
     103
      96
     103
     101
      99
      92
     104
      95
      93
      99
     102
      94
     105
     112
     110
      99
     102
      94
      98
      91
     121
     107
      95
     106
      87
      93
      96
     110
     106
     128
     117
     120
     114
      97
      85
     108
     111
     107
      98
      96
     111
     123
     130
     165
     201
     320
     445
     772
    1230
    1779
    2616
    3443
    4147
    4627
    4541
    4166
    3462
    2725
    1806
    1194
     736
     424
     278
     173
     132
     105
     111
     106
      85
     100
     109
     108
     110
      95
      84
      77
      93
      98
      94
      74
      93
      83
      92
      81
      92
      82
      80
      83
      90
      82
      90
      85
      91
      97
      97
      84
      75
      96
      98
      84
      94
      89
      85
      82
      88
      80
      91
      70
      96
      84
      94
      85
      86
      88
      98
      78
      76
      76
      97
      82
      81
      95
      87
      86
      94
      78
      69
      86
      92
     101
      84
      85
      84
      94
      81
      84
      78
      86
      78
      89
      79
      62
      73
      66
      89
      78
      95
      82
      84
      91
      84
      86
      88
      83
      75
      96
      79
      84
      87
      76
      89
      80
      96
      86
      84
      74
      76
      83
      93
      85
      87
      76
      83
      76
      77
      62
      91
      70
      73
      71
      92
      91
      68
      92
      86
      94
      83
      98
      80
     107
      84
      93
      92
      90
      82
      91
      78
      84
      74
      87
      79
      92
      84
     111
      93
      81
      91
      89
      99
      73
      89
      77
      94
      86
      88
      80
     100
     103
     105
     105
     114
     118
     130
     117
     131
     107
      92
     108
     111
     110
     120
     103
     133
     141
     123
     101
     102
     102
      87
      86
      89
     109
      88
      97
      85
     101
      74
      68
      71
      85
      94
      75
      83
      86
      80
      98
      71
      83
      83
      95
      86
      81
      74
      79
      92
      94
      90
      82
      79
     105
      92
      74
     103
      96
      79
      85
      92
      99
      83
      82
      98
      82
      92
      74
      81
      82
      94
     115
      98
      95
     116
     103
     113
     118
     109
     131
     141
     118
     100
      95
     113
     119
      92
     104
      99
      90
      97
      92
     121
      99
     141
     109
     123
     105
     108
      91
      94
     111
     110
      81
      95
      87
      92
      93
      78
     101
      84
      79
      98
      74
      95
      84
      93
      91
      82
      75
      95
      90
     103
     100
      88
      87
      87
      93
      96
     100
      88
      80
      90
      96
      88
      96
     109
      84
     108
      96
      85
      96
      82
     107
     100
      96
      89
      88
      63
      92
      83
      87
      83
     106
      88
      91
      92
      90
      89
      89
      86
      98
      77
      80
     101
      94
      91
      94
      76
     100
      80
      84
      98
      87
     103
      82
      99
     106
      95
      97
      81
      93
      83
      87
      76
     100
      87
      82
     116
      78
      91
     106
      87
      94
      86
      90
      94
      87
      86
     103
     103
     103
      87
      90
      84
      91
      75
      77
      88
      73
      92
      87
      99
      67
      73
      64
      64
      81
      75
      70
      60
      76
      73
      72
      76
      80
      57
      70
      78
      65
      50
      64
      85
      66
      72
      73
      61
      66
      78
      66
      64
      69
      56
      61
      57
      72
      75
      68
      64
      59
      72
      58
      76
      67
      69
      58
      66
      56
      74
      67
      82
      66
      49
      57
      72
      56
      62
      53
      65
      69
      64
      56
      72
      56
      62
      69
      59
      69
      66
      62
      57
      62
      63
      61
      62
      72
      62
      69
      65
      65
      49
      62
      49
      64
      79
      59
      50
      51
      58
      49
      58
      56
      56
      65
      65
      55
      56
      65
      68
      50
      64
      54
      63
      71
      75
      67
      53
      59
      62
      72
      54
      62
      76
      62
      60
      55
      56
      61
      59
      59
      73
      90
      82
      82
      75
      76
      64
      70
      53
      56
      67
      65
      48
      57
      53
      59
      50
      60
      57
      50
      47
      63
      63
      52
      57
      50
      58
      58
      55
      71
      63
      57
      69
      60
      64
      67
      63
      69
      61
      71
      63
      78
      73
      51
      50
      68
      49
      50
      59
      48
      54
      69
      59
      52
      55
      53
      62
      50
      50
      49
      49
      65
      64
      50
      50
      49
      38
      54
      60
      67
      65
      61
      62
      64
      57
      68
      63
      63
      61
      54
      62
      49
      54
      42
      52
      55
      56
      59
      56
      47
      39
      64
      44
      42
      63
      59
      62
      59
      67
      53
      60
      51
      55
      59
      56
      39
      54
      49
      38
      53
      69
      45
      48
      48
      41
      53
      57
      46
      53
      57
      62
      74
      67
      51
      72
      69
      80
      81
      86
      73
      62
      79
      79
      45
      45
      64
      48
      53
      59
      43
      51
      55
      44
      42
      47
      45
      63
      44
      45
      47
      55
      43
      46
      50
      67
      77
      65
      77
      57
      87
      81
      90
      60
      50
      59
      52
      70
      54
      58
      47
      53
      51
      47
      47
      52
      63
      43
      54
      34
      53
      61
      45
      40
      40
      51
      48
      47
      42
      44
      37
      50
      48
      38
      44
      41
      49
      34
      43
      50
      46
      56
      39
      54
      35
      46
      43
      45
      37
      43
      53
      49
      39
      49
      45
      33
      44
      37
      48
      42
      46
      57
      40
      44
      54
      48
      55
      43
      45
      41
      21
      44
      43
      47
      40
      51
      29
      35
      47
      40
      36
      52
      38
      49
      39
      40
      41
      41
      40
      48
      46
      36
      38
      29
      38
      34
      33
      48
      52
      39
      53
      31
      36
      55
      50
      52
      60
      62
      70
      60
      53
      46
      51
      54
      60
      49
      50
      47
      55
      65
      56
      53
      53
      56
      49
      50
      37
      48
      38
      35
      43
      46
      51
      35
      36
      34
      38
      45
      48
      38
      18
      35
      48
      36
      34
      40
      36
      37
      32
      34
      48
      32
      45
      28
      42
      32
      39
      49
      36
      50
      39
      45
      38
      43
      31
      35
      34
      38
      38
      40
      40
      37
      40
      33
      32
      36
      41
      33
      37
      35
      41
      45
      41
      39
      49
      37
      34
      39
      31
      50
      47
      46
      45
      42
      41
      45
      31
      39
      42
      31
      46
      44
      36
      33
      33
      45
      48
      46
      30
      33
      41
      32
      44
      37
      39
      35
      47
      49
      39
      50
      45
      52
      48
      56
      53
      44
      35
      52
      56
      39
      48
      47
      39
      42
      37
      43
      47
      40
      51
      42
      45
      36
      56
      34
      44
      43
      43
      33
      42
      34
      39
      43
      37
      34
      35
      36
      44
      31
      38
      30
      37
      28
      43
      31
      37
      39
      45
      46
      37
      48
      40
      51
      54
      44
      49
      50
      48
      43
      39
      47
      34
      53
      39
      42
      37
      55
      27
      50
      47
      45
      38
      39
      41
      37
      38
      41
      44
      38
      38
      36
      47
      40
      42
      39
      36
      43
      45
      35
      46
      32
      35
      25
      31
      55
      38
      33
      37
      46
      42
      29
      45
      43
      53
      36
      39
      30
      40
      35
      25
      45
      29
      38
      38
      41
      39
      37
      48
      40
      38
      39
      46
      39
      38
      33
      48
      38
      48
      31
      30
      46
      30
      44
      42
      39
      41
      35
      39
      31
      45
      40
      32
      32
      29
      38
      33
      45
      38
      41
      37
      47
      44
      34
      44
      30
      47
      28
      36
      42
      34
      40
      45
      38
      28
      43
      43
      43
      40
      45
      37
      38
      48
      40
      33
      31
      39
      33
      45
      32
      51
      35
      34
      36
      31
      40
      45
      28
      41
      50
      42
      37
      41
      68
      50
      40
      34
      40
      48
      42
      34
      49
      45
      33
      37
      44
      42
      32
      30
      36
      43
      32
      44
      35
      36
      37
      42
      34
      31
      39
      33
      40
      36
      40
      43
      47
      49
      50
      51
      60
      56
      54
      57
      44
      47
      44
      53
      28
      39
      34
      42
      21
      43
      35
      45
      37
      36
      27
      35
      45
      33
      37
      41
      36
      27
      27
      33
      31
      33
      33
      36
      29
      34
      31
      31
      35
      39
      30
      35
      38
      37
      33
      28
      33
      22
      33
      36
      35
      25
      30
      29
      43
      29
      28
      39
      23
      35
      34
      39
      22
      39
      27
      26
      31
      39
      30
      29
      30
      31
      37
      40
      28
      35
      33
      34
      51
      30
      37
      27
      37
      36
      41
      38
      36
      33
      32
      35
      42
      47
      34
      37
      29
      28
      26
      40
      44
      36
      34
      31
      38
      32
      35
      35
      38
      36
      23
      31
      29
      37
      39
      35
      37
      37
      36
      31
      30
      42
      54
      33
      29
      44
      54
      39
      55
      59
      72
      73
      82
     106
     128
     161
     224
     351
     459
     665
     891
    1137
    1428
    1634
    1978
    2158
    2214
    2105
    1991
    1640
    1394
    1140
     809
     503
     357
     243
     153
      86
      77
      43
      53
      47
      42
      35
      29
      33
      44
      33
      26
      32
      35
      33
      35
      29
      43
      46
      37
      31
      37
      34
      27
      40
      30
      29
      23
      33
      34
      33
      43
      28
      24
      28
      27
      24
      25
      20
      23
      22
      33
      22
      20
      33
      29
      28
      32
      37
      24
      26
      42
      24
      31
      32
      28
      25
      25
      30
      21
      31
      32
      23
      26
      24
      22
      31
      32
      15
      28
      19
      31
      33
      33
      32
      37
      30
      46
      27
      31
      30
      33
      31
      31
      29
      21
      29
      29
      16
      33
      27
      27
      30
      21
      29
      20
      29
      31
      32
      27
      33
      36
      36
      26
      39
      27
      27
      31
      35
      22
      29
      28
      28
      24
      26
      33
      26
      31
      29
      35
      29
      24
      26
      30
      29
      31
      20
      31
      33
      28
      25
      31
      23
      34
      31
      27
      27
      25
      40
      21
      32
      15
      21
      26
      24
      29
      25
      22
      31
      27
      30
      27
      25
      22
      19
      25
      28
      30
      30
      21
      20
      22
      29
      24
      31
      27
      30
      23
      25
      29
      23
      22
      31
      27
      23
      33
      35
      31
      29
      34
      36
      29
      38
      38
      28
      26
      23
      28
      19
      27
      39
      32
      23
      25
      33
      20
      28
      37
      30
      28
      21
      31
      19
      29
      36
      27
      26
      25
      24
      18
      21
      28
      22
       9
      23
      28
      30
      28
      29
      27
      29
      32
      25
      25
      21
      27
      24
      33
      19
      27
      24
      32
      26
      30
      21
      31
      23
      25
      30
      25
      30
      29
      21
      35
      26
      36
      31
      43
      30
      33
      44
      38
      43
      47
      43
      63
      74
      65
      83
      87
      82
      79
      72
      55
      69
      65
      48
      49
      37
      26
      27
      38
      24
      23
      31
      24
      31
      23
      23
      29
      24
      26
      29
      22
      18
      29
      19
      26
      32
      26
      18
      19
      19
      33
      35
      26
      31
      24
      34
      20
      26
      31
      29
      24
      17
      27
      34
      25
      27
      25
      29
      19
      36
      31
      20
      19
      25
      18
      28
      33
      34
      25
      16
      24
      22
      34
      26
      23
      34
      34
      36
      17
      23
      23
      25
      26
      33
      22
      27
      28
      31
      27
      27
      23
      28
      22
      28
      25
      23
      33
      25
      26
      19
      22
      30
      25
      29
      25
      30
      15
      24
      37
      21
      25
      33
      37
      27
      27
      26
      22
      35
      22
      36
      28
      26
      29
      30
      29
      25
      19
      38
      23
      21
      27
      28
      29
      35
      22
      23
      26
      24
      34
      18
      24
      27
      30
      24
      30
      31
      12
      30
      25
      20
      27
      21
      42
      25
      22
      22
      25
      19
      32
      27
      28
      33
      16
      26
      23
      25
      28
      23
      28
      22
      24
      21
      26
      25
      29
      21
      17
      43
      37
      33
      22
      24
      32
      39
      29
      40
      47
      49
      41
      39
      41
      42
      29
      40
      43
      32
      29
      34
      34
      23
      26
      27
      32
      23
      28
      29
      44
      36
      31
      24
      36
      18
      28
      32
      34
      30
      30
      33
      30
      22
      27
      27
      31
      39
      36
      30
      27
      27
      31
      19
      25
      26
      22
      21
      24
      28
      32
      29
      28
      22
      33
      24
      26
      24
      24
      35
      18
      27
      17
      29
      27
      35
      30
      39
      34
      16
      16
      28
      27
      28
      28
      17
      49
      22
      39
      37
      46
      25
      41
      32
      39
      44
      43
      30
      28
      22
      31
      27
      26
      31
      27
      29
      15
      26
      26
      23
      25
      26
      35
      21
      30
      21
      39
      28
      17
      36
      25
      24
      35
      24
      29
      19
      24
      30
      19
      41
      32
      27
      36
      22
      32
      21
      30
      30
      24
      22
      24
      29
      13
      18
      27
      26
      19
      26
      25
      18
      27
      25
      26
      27
      20
      16
      26
      33
      25
      18
      33
      31
      20
      27
      22
      26
      26
      19
      31
      23
      28
      25
      17
      34
      19
      38
      22
      27
      18
      30
      29
      25
      26
      27
      22
      30
      21
      21
      22
      26
      25
      21
      26
      19
      24
      21
      34
      41
      40
      44
      27
      34
      48
      41
      38
      33
      34
      39
      34
      27
      27
      28
      28
      24
      18
      31
      21
      40
      23
      17
      26
      26
      20
      13
      24
      23
      25
      21
      21
      25
      25
      31
      26
      20
      29
      25
      24
      27
      17
      18
      22
      21
      27
      30
      14
      24
      29
      20
      29
      26
      17
      35
      25
      34
      29
      25
      37
      27
      23
      29
      32
      24
      27
      26
      35
      15
      35
      24
      27
      25
      19
      23
      23
      20
      19
      18
      18
      17
      29
      18
      30
      30
      27
      32
      22
      27
      24
      28
      23
      21
      28
      25
      23
      24
      27
      16
      29
      33
      32
      23
      36
      16
      26
      24
      28
      21
      31
      29
      33
      27
      27
      28
      52
      48
      48
      56
      54
      68
      66
      87
      96
     124
     138
     171
     194
     160
     192
     196
     177
     142
     165
     120
      95
      93
      72
      54
      44
      43
      36
      37
      33
      21
      26
      17
      27
      37
      27
      21
      23
      23
      30
      28
      21
      25
      25
      23
      19
      20
      28
      23
      30
      20
      20
      23
      26
      35
      28
      19
      31
      24
      12
      20
      21
      24
      28
      13
      25
      29
      22
      23
      20
      25
      17
      14
      25
      12
      21
      19
      24
      16
      21
      20
      19
      25
      29
      32
      26
      27
      33
      33
      21
      35
      40
      50
      44
      47
      50
      66
      48
      48
      55
      54
      56
      64
      61
      63
      52
      37
      30
      30
      29
      34
      24
      31
      27
      27
      22
      18
      25
      28
      25
      22
      31
      21
      21
      28
      27
      27
      23
      18
      27
      29
      21
      23
      24
      25
      23
      21
      19
      21
      26
      25
      20
      22
      23
      24
      32
      27
      25
      27
      18
      24
      23
      26
      17
      24
      16
      29
      21
      25
      38
      23
      24
      29
      31
      21
      23
      26
      26
      28
      28
      19
      34
      26
      31
      19
      26
      27
      31
      22
      27
      29
      28
      17
      33
      24
      30
      36
      29
      42
      32
      35
      35
      51
      46
      58
      49
      50
      53
      69
      56
      57
      55
      50
      41
      34
      35
      23
      35
      28
      30
      28
      21
      21
      17
      27
      32
      19
      25
      27
      35
      24
      19
      24
      23
      19
      23
      17
      21
      24
      24
      25
      20
      23
      23
      29
      24
      16
      25
      29
      29
      19
      27
      18
      23
      26
      22
      25
      29
      22
      21
      31
      32
      28
      22
      27
      30
      35
      33
      24
      26
      19
      42
      24
      26
      31
      29
      32
      26
      29
      29
      34
      28
      26
      33
      20
      16
      30
      18
      32
      27
      30
      23
      31
      26
      25
      27
      24
      29
      31
      25
      25
      24
      28
      36
      28
      23
      28
      31
      28
      23
      25
      39
      24
      17
      22
      26
      26
      30
      25
      24
      30
      22
      31
      30
      24
      22
      38
      36
      27
      28
      36
      32
      25
      30
      29
      27
      34
      27
      24
      30
      33
      26
      27
      23
      27
      26
      19
      36
      33
      28
      29
      25
      22
      25
      31
      24
      24
      30
      19
      37
      32
      39
      35
      60
      41
      39
      46
      51
      34
      41
      43
      40
      26
      28
      27
      19
      31
      31
      22
      26
      23
      13
      36
      29
      26
      27
      17
      18
      29
      41
      30
      23
      32
      23
      28
      17
      29
      23
      18
      39
      28
      25
      25
      25
      23
      24
      19
      20
      24
      31
      18
      24
      19
      29
      24
      32
      22
      17
      25
      19
      14
      14
      23
      29
      24
      22
      24
      24
      21
      25
      13
      24
      34
      28
      23
      20
      24
      24
      37
      20
      31
      33
      21
      24
      30
      32
      19
      34
      29
      25
      32
      19
      25
      28
      22
      22
      24
      24
      28
      18
      21
      22
      25
      29
      18
      28
      24
      23
      30
      39
      26
      23
      22
      23
      26
      34
      28
      29
      30
      22
      28
      23
      23
      36
      24
      24
      23
      33
      23
      27
      17
      31
      36
      24
      31
      32
      24
      22
      30
      27
      23
      21
      26
      31
      26
      21
      31
      35
      30
      26
      26
      21
      27
      29
      26
      29
      33
      21
      26
      27
      34
      25
      24
      27
      16
      29
      33
      22
      37
      26
      32
      24
      12
      24
      28
      19
      21
      25
      25
      19
      20
      28
      32
      30
      23
      28
      18
      32
      21
      32
      32
      27
      26
      27
      27
      22
      26
      25
      24
      27
      26
      25
      27
      21
      29
      23
      21
      27
      21
      25
      26
      28
      31
      26
      23
      29
      32
      27
      26
      30
      34
      26
      24
      21
      31
      31
      34
      28
      21
      17
      30
      24
      20
      33
      16
      28
      31
      37
      25
      27
      29
      29
      37
      22
      29
      25
      29
      37
      23
      22
      32
      24
      39
      28
      21
      26
      33
      36
      37
      29
      32
      28
      24
      23
      24
      22
      24
      17
      22
      30
      17
      24
      32
      30
      38
      25
      34
      34
      40
      26
      20
      21
      22
      30
      40
      35
      28
      22
      28
      39
      32
      33
      23
      28
      33
      27
      29
      30
      21
      27
      26
      30
      30
      27
      25
      24
      26
      29
      22
      28
      31
      29
      25
      20
      37
      25
      31
      30
      30
      20
      34
      38
      39
      30
      26
      35
      32
      21
      25
      34
      26
      24
      26
      21
      34
      27
      28
      31
      31
      25
      36
      23
      34
      26
      27
      26
      23
      32
      29
      23
      33
      33
      21
      31
      26
      27
      29
      23
      27
      22
      25
      22
      24
      27
      30
      26
      25
      27
      25
      24
      22
      27
      27
      23
      26
      21
      25
      37
      29
      31
      22
      28
      28
      23
      29
      24
      26
      29
      23
      26
      19
      21
      24
      12
      19
      22
      24
      24
      17
      24
      27
      24
      23
      24
      20
      24
      12
      19
      21
      23
      24
      21
      21
      33
      21
      24
      19
      20
      25
      21
      19
      26
      27
      26
      19
      26
      32
      22
      18
      26
      24
      20
      20
      24
      25
      12
      20
      32
      23
      24
      26
      23
      24
      30
      18
      26
      18
      26
      27
      25
      27
      29
      24
      32
      33
      44
      55
      39
      71
      73
      76
      84
      86
      94
      87
     103
      99
      81
      90
      61
      72
      52
      53
      38
      30
      30
      34
      24
      24
      29
      21
      21
      16
      29
      28
      16
      24
      13
      20
      21
      22
      23
      23
      20
      22
      25
      17
      22
      20
      26
      32
      22
      14
      18
      20
      19
      22
      25
      24
      19
      17
      18
      13
      22
      18
      27
      15
      19
      19
      22
      18
      23
      18
      18
      26
      18
      18
      21
      20
      19
      24
      25
      23
      26
      28
      26
      24
      17
      16
      20
      25
      21
      19
      18
      19
      13
      23
      28
      22
      24
      16
      27
      22
      24
      30
      18
      15
      23
      19
      24
      22
      17
      19
      23
      16
      14
      17
      25
      10
      19
      17
      24
      20
      17
      21
      18
      23
      28
      20
      14
      16
      15
      21
      16
      13
      23
      23
      17
      25
      16
      26
      29
      22
      18
      12
      20
      24
      14
      35
      25
      23
      22
      29
      29
      19
      24
      24
      22
      37
      37
      25
      34
      24
      38
      19
      30
      21
      24
      23
      21
      20
      24
      32
      14
      23
      19
      30
      12
      26
      23
      18
      19
      19
      26
      26
      23
      19
      27
      20
      28
      11
      26
      23
      22
      13
      16
      22
      22
      17
      19
      21
      17
      24
      15
      19
      15
      18
      23
      30
      15
      19
      24
      29
      19
      16
      31
      21
      18
      24
      19
      14
      19
      18
      26
      28
      20
      20
      20
      32
      21
      19
      24
      22
      15
      30
      15
      19
      14
      20
      23
      23
      17
      21
      14
      26
      13
      24
      24
      24
      25
      24
      17
      13
      25
      20
      27
      24
      12
      25
      15
      12
      18
      25
      19
      17
      21
      31
      17
      18
      22
      25
      20
      13
      26
      26
      21
      15
      27
      21
      17
      14
      18
      23
      10
      17
      27
      21
      22
      14
      22
      16
      15
      24
      23
      20
      15
      15
      16
      13
      19
      22
      21
      18
       8
      11
      30
      30
      19
      19
      13
      19
      18
      13
      14
      12
      30
      19
      25
      17
      24
      17
      19
      20
      18
      20
      30
      25
      26
      24
      30
      28
      26
      26
      39
      36
      36
      51
      37
      36
      38
      43
      23
      29
      34
      25
      26
      33
      25
      22
      20
      20
      17
      17
      23
      15
      20
      21
      18
      19
      20
      23
      28
      21
      21
      21
      16
      13
      15
      14
      20
      28
      17
       7
      19
      24
      18
      18
      27
      24
      20
      22
      19
      16
      14
      14
      18
      19
      21
      14
      13
      18
      17
      22
      21
      11
      22
      22
      28
      16
      17
      23
      26
      19
      15
      19
      12
      21
      26
      28
      18
      23
      18
      17
      19
      12
      11
      16
      16
      24
      26
      21
      21
      14
      17
      23
      25
      31
      16
      19
      21
      19
      18
      11
      18
      13
      21
      23
      17
      13
      19
      14
      28
      17
      20
      22
      18
      14
      25
      18
      23
      23
      19
      23
      21
      16
      18
      20
      20
      16
      17
      13
      14
      24
      12
      11
      18
      19
      23
      17
      16
      16
      14
      20
      14
      14
      19
      22
      16
      16
      10
      21
      14
      13
      18
      13
      13
      17
      20
      18
      18
      15
      16
      20
      20
      19
      17
      16
      20
      22
      16
      16
      20
      19
      20
      17
      11
      21
      18
      17
      11
      20
      17
      16
      15
      21
      23
      20
      10
      12
      19
      20
      14
      12
      22
      22
      15
      18
      18
      17
      19
      14
      20
      13
      18
      10
      16
      11
      10
      13
      14
      20
      16
      11
      16
      18
      17
      17
      12
      27
       8
      15
      23
      18
      20
      25
      15
      16
      15
      12
      12
      17
      14
      14
      22
      19
      17
      23
      23
      18
      16
      17
      20
      14
      20
      17
      19
      32
      17
      20
      23
      22
      30
      20
      25
      18
      25
      25
      21
      21
      22
      20
      15
      24
      20
      20
      31
      22
      17
      19
      20
      10
      21
      16
      14
      12
      18
      15
      24
      27
      10
      16
      20
      20
      18
      13
      24
      21
      20
      19
      12
      11
       9
      11
      19
      17
       8
      16
      15
      14
      15
      16
       9
      25
      19
       7
      11
      19
      19
      16
      11
      19
      14
      19
      11
      21
      10
      13
      10
      19
      19
      19
      19
      13
      11
      17
      19
      15
      20
      15
      22
      28
      17
      22
      15
      15
      27
      21
      23
      27
      17
      24
      12
      17
      22
      19
      15
      20
      14
      21
      19
      19
      13
      22
      18
      22
      15
      17
      13
      14
      15
      14
      21
      16
      13
      15
      15
       8
      22
      19
       7
      19
      17
      15
      11
      14
      10
      20
      21
      15
      25
      19
      16
      14
      17
      16
      16
      11
      18
      18
      19
      15
      20
      13
      20
      12
      11
      14
      14
      21
      10
      14
      18
      12
      25
      13
      14
      15
      19
      16
      15
      12
      14
       9
       9
      15
      11
      20
      14
      12
      20
      16
      20
      19
      19
      22
      16
      14
      13
      13
      11
      21
      14
      16
      18
      12
      20
       8
      24
      17
      11
      13
      13
      17
       8
      24
      16
      13
      16
      16
      16
      10
      18
      14
      18
      15
      15
      15
      16
      23
      16
      14
      15
      17
      20
      19
      14
      19
      16
      20
      19
      11
      12
      16
      19
      12
      22
      12
      24
      13
      15
      10
      19
      18
      13
      15
      16
      14
      13
      23
      13
      20
      12
      21
      24
      24
      12
      17
      17
      14
      12
      18
      17
      14
      21
      15
      20
      15
      20
      14
      14
      13
      13
      19
      13
      13
      17
      11
      18
      10
      16
      16
      17
      18
      22
      21
      17
      19
      19
      19
      14
      24
      10
       3
      14
      12
      16
      17
      10
      16
      14
      14
      22
      18
      26
      19
      16
      11
      17
      17
      16
      15
      20
      21
      17
      18
      16
      25
      18
      16
      28
      19
      13
      22
      36
      33
      36
      39
      54
      50
      48
      68
      94
     107
     115
     169
     189
     179
     207
     235
     254
     250
     244
     258
     242
     241
     242
     224
     220
     185
     166
     143
     120
      84
      64
      48
      36
      35
      27
      20
      17
      14
      18
      21
      19
      15
      17
      18
       7
      22
       7
      16
      19
      10
      14
      10
      10
      19
      16
      15
      19
      18
      20
      21
      12
      15
      12
      21
      17
      17
      17
      21
      27
      18
      22
      21
      13
      13
      20
      18
      15
      25
      18
      22
      15
      19
      15
      17
      18
      16
      22
      20
      24
      17
      18
      12
      14
      19
      16
      12
      12
      17
      11
      23
      15
      16
      14
      14
      19
      16
      18
      17
      22
       9
      16
      15
      13
      15
       9
      24
      12
      10
      17
      12
      15
      12
      11
      17
      15
      15
      18
      12
      17
      13
      16
      23
      14
      18
      10
      10
      14
      16
      19
      17
      17
      16
      12
      23
      17
      11
      15
      16
      16
      22
      16
      17
      19
      11
      12
      21
      15
      17
      10
       7
      20
      12
      16
      13
      20
      23
      14
      16
      14
      15
      16
      19
      19
      13
      18
      21
      24
      25
      25
      24
      28
      30
      34
      35
      32
      36
      36
      50
      47
      36
      48
      31
      34
      25
      33
      21
      24
      25
      20
      18
      20
      12
      18
      20
       8
      14
      12
      15
      18
      24
      15
       8
      14
      16
       9
      16
      17
      11
      17
      21
      20
      11
      12
      20
      14
      14
      19
       6
      10
      12
      20
      12
      19
      14
      11
      16
      16
      11
      17
      21
      13
      17
      17
      12
      20
      15
      14
      14
      18
      10
      16
      16
      14
      19
       9
       7
      13
      15
      13
       7
      12
      16
      15
      14
      23
       8
      23
      17
      13
      11
      12
      12
      17
      14
      18
      15
      20
       9
      19
      11
      15
      16
      13
      11
      13
       7
      11
      19
      12
      19
      12
       8
      17
       9
      17
      15
      21
      23
      14
      21
      14
      12
       9
      17
      16
      17
       7
      20
      29
      18
      19
      18
      24
      18
      20
      21
      21
      12
      18
      23
      29
      24
      15
      17
      23
      14
      12
      15
      14
      14
      12
      13
       8
      11
      20
      13
      16
      24
      18
       8
      15
      15
      13
      12
      14
       9
      14
      17
      14
      20
       9
      11
      15
       9
      16
      15
      12
      19
      12
      16
      18
      12
      15
      14
      15
      19
       9
      13
      15
      13
      20
      10
      16
      13
       8
      16
      12
      12
      12
      16
      13
      18
      16
      11
       8
      10
      12
      14
      18
       7
      12
      21
      11
      14
      13
      11
      11
      13
      14
      11
       9
      13
      16
      12
       7
       8
      13
       8
       7
      15
      15
      13
      12
      16
      15
      12
      18
      17
      16
      19
      18
      17
      11
      10
      12
      13
      13
      13
      13
      24
      15
      11
      15
      14
      22
      10
      17
      25
      20
      20
      18
      16
      28
      19
      12
      19
      13
      15
      17
      15
      18
      14
      15
      18
      10
      11
      14
      14
      10
      19
      13
       8
       7
      13
      11
      13
      14
      10
      13
      15
      10
      11
      11
      10
      17
       9
      16
      12
      16
      14
      17
      15
      13
      19
       8
      15
      22
      14
      11
      16
      15
       7
      11
      16
      11
      14
      17
      17
      13
       6
      10
      10
      16
       6
      12
      23
      12
      15
      21
      16
      12
      15
      12
      13
      16
      12
      12
       6
       9
      11
      11
      12
       6
       8
       8
      11
      10
      13
      13
      13
      10
      10
      20
      13
      13
       9
      11
      17
      12
      11
       7
      17
      16
       8
      18
       5
      22
       9
      15
      10
      20
      12
      17
       6
      11
      14
      17
      13
      15
      16
      19
      11
      16
      14
      19
      13
      18
      15
      14
      21
      19
      23
      19
      37
      27
      47
      37
      54
      43
      71
      49
      80
      89
      88
      87
      96
      93
      96
      68
      84
      77
      79
      82
      75
      53
      54
      51
      45
      40
      23
      22
      18
      13
      10
      16
      12
      15
       7
      20
       9
      11
      15
       8
      12
      13
      13
       6
       9
      15
      15
      10
      13
       8
      10
      14
      10
       8
      15
      17
      10
      19
      14
      10
      14
      15
      14
       7
      10
      10
      16
      14
      19
      12
       9
      18
       9
      15
      20
      10
      11
      16
       9
      14
      13
      16
      20
       9
      12
      15
      23
      10
      12
      20
      18
      15
      11
       9
      20
      19
      19
       9
      15
      11
       9
      13
       8
      17
       8
      19
      17
       9
       6
      10
      18
      14
      10
       9
       9
       9
       9
      22
       5
      13
      10
       3
      12
      14
      13
      21
      15
      14
      10
       8
       8
      11
      15
      13
      17
      14
      12
      17
      11
      15
      11
       8
       9
      13
       9
       9
      12
      15
      14
      15
      10
      11
      20
       6
      10
      10
      14
      12
      19
      12
      13
      17
      14
       5
      11
      15
       9
      10
       9
      10
      13
      13
      14
      14
      17
       9
      14
      14
       7
      10
       9
      20
      15
      15
      13
      13
       7
      15
      11
       9
       7
       8
      14
       8
      12
      13
      16
      10
      16
       9
      13
      21
      27
      17
      13
       9
      12
      11
      20
      20
      13
      20
      16
      30
      28
      17
      32
      38
      31
      29
      24
      38
      35
      31
      25
      26
      33
      31
      19
      14
       9
      18
      23
      13
      10
      19
      11
      13
      13
      14
      11
      10
       8
      11
      10
      15
      11
      12
      10
      10
       6
      15
      11
       7
       9
      12
      17
      11
      15
       6
       8
      12
       9
       8
      10
      11
      13
      14
      12
       5
      11
       6
      17
      10
      10
      13
      15
      10
       6
      12
      11
      16
      15
      12
      11
      11
       7
      12
      13
       9
      10
       9
      16
      11
      15
      11
      17
      10
       6
      13
       8
       9
      17
      14
       8
      12
       6
      12
       7
      11
      13
      11
      10
      11
      10
      14
      10
      20
       8
      18
      17
      14
      17
      12
      23
      16
      12
       9
      14
      14
      10
      13
      10
      15
      10
      11
      13
       7
      13
      14
      14
      10
      14
      15
      14
       8
       7
       8
      13
       4
      13
      10
      15
      14
      15
      10
      17
      10
      15
      10
      11
      16
       9
       9
      14
      17
      13
       9
      11
      14
      10
      19
      12
       8
      13
      10
      15
       7
      10
      11
       8
      11
      14
      11
      12
       8
       9
      10
      15
      14
      15
      13
      11
       9
       9
      15
      11
      10
      13
       9
      10
       6
      13
      10
       9
      17
       8
      17
      15
      11
       4
      13
       9
       9
      11
       7
      16
       6
      10
       9
      12
      12
       4
       7
       7
       8
      12
       7
      15
      10
      11
      10
       9
       9
       8
       8
      10
      10
      14
       9
      14
      11
      14
      11
       8
      16
      11
      11
       8
       9
       7
      11
       9
      11
      12
      10
      12
      11
      10
      10
      15
       8
       7
      15
      17
      18
      14
      14
       8
      13
      17
      14
       8
       9
      11
      10
      15
       8
       7
       7
      11
      11
      11
      11
      18
      10
       8
      12
      14
      12
       8
      10
      10
       9
      13
       8
      17
       5
       6
       5
      14
      14
       7
       7
      15
      12
      10
      18
      10
      13
      15
      11
      12
       8
       9
      11
       9
      11
      11
      10
      12
      10
      15
       8
       6
      11
      12
       9
      10
      21
      12
       7
       8
       8
       9
      13
      12
      13
      10
      14
      12
      17
      10
       7
      15
      11
      16
      11
      15
      15
      13
      11
      16
       9
      11
       8
       8
      12
       8
      10
      12
      11
       9
      11
      12
       8
      10
       7
       9
      18
      18
      12
       7
      10
      12
       7
      15
      16
      13
      14
      11
       6
      13
       5
      11
      10
       6
      11
       9
       5
      10
      13
       8
      11
       7
      14
      15
      16
       7
       7
       7
      17
      10
      12
      11
      11
      11
      14
      21
       7
       9
      12
      12
      10
      11
       8
       9
       9
      17
      10
       9
       8
       9
       6
       6
      11
       9
      12
       9
      18
       9
      10
      10
       6
      11
      10
       8
      11
      10
      16
      14
      11
      12
       9
       7
       9
      13
       7
      14
       5
       7
      12
      12
       8
      10
      11
       8
       8
       9
       6
      20
       9
      18
      13
      12
      16
      12
      11
      15
      17
      18
      17
      23
      17
      29
      33
      35
      44
      56
      47
      49
      51
      56
      65
      53
      46
      57
      65
      69
      47
      57
      67
      63
      54
      41
      48
      29
      28
      21
      22
      19
      23
      18
       8
      21
      13
      25
      12
      17
      15
      11
      11
      19
      13
      19
      15
      17
      14
      14
      25
      22
      18
      16
      16
      18
      23
      19
      18
      16
      16
      17
      20
      13
      15
      11
      18
      13
       9
      11
      14
      15
      11
       9
      12
      11
      11
       9
      11
      10
       9
       7
      13
      12
       6
      18
       7
       7
      15
      19
      11
       9
      13
      10
       7
      12
      13
       7
      13
       8
       7
      13
       7
       8
       9
      12
      10
       8
      17
      10
      13
      14
      18
       6
      11
      14
      15
      12
      10
      16
      10
      12
      22
      26
      19
      20
      29
      20
      24
      40
      24
      27
      16
      26
      25
      22
      26
      21
      25
      21
      19
      24
      16
      19
      20
       7
      14
      13
      16
      15
      23
      26
      18
      22
      20
      29
      25
      28
      31
      32
      34
      28
      39
      43
      38
      36
      35
      26
      33
      30
      29
      23
      33
      31
      17
      21
      14
      20
      13
      16
      10
      13
       8
      13
      17
      10
       9
      20
       9
      10
       9
      11
       9
      13
      12
      13
       9
      11
      16
      13
      13
      10
      11
      14
      15
      12
      14
       7
      13
      10
       9
      18
      12
       9
       9
       9
      11
      13
       7
       8
      12
       9
      11
      13
      13
      16
      10
      15
      13
      12
       9
       9
       9
       7
      16
      11
      12
      14
      11
       8
      11
       9
       9
      15
      15
      10
       9
      10
      13
      14
       8
      15
      18
       8
       5
      17
       9
      15
       8
       8
      11
      14
      14
      13
      16
      12
      11
      12
      12
      11
      11
      11
      11
      10
      16
      13
       7
       8
      11
      16
      12
      11
      11
       7
       7
      14
       9
      15
       5
      13
       7
      16
      13
      15
       8
       7
      11
      14
      14
      13
      10
       5
       9
       9
      11
       9
      10
       6
      19
      17
      10
      11
      11
       8
       6
      14
      16
      10
       8
       8
       7
      11
      12
      15
       4
      19
      14
      13
       8
       5
       8
      12
      15
      14
       8
      16
      10
      13
      13
      11
      13
      12
      15
       9
      11
      10
      14
      12
      11
       9
      12
       7
      12
      10
      11
      14
      20
       9
      11
       7
      12
       8
      18
      11
      12
      17
      16
      14
      17
      15
       6
      15
       8
       9
       5
      15
      11
       7
       9
      13
      13
      10
      14
      14
       6
      12
      11
      12
      14
      17
      11
       8
      12
      11
       8
      13
      16
      19
      10
       8
      16
      14
      14
      12
      13
      14
      16
      10
      16
      15
      13
      10
      12
      14
      20
      16
      12
      16
      14
      23
      20
      14
      22
      14
      23
      11
      16
      20
       9
       9
      14
       8
      13
      15
       9
      12
      10
       9
      11
      11
      17
      11
       9
       8
      13
      12
       9
      12
      11
      18
      13
      14
      12
       4
      13
       8
      11
      14
      11
      14
      11
      12
       9
      13
      16
      14
      14
      11
      10
       7
      12
      11
      12
      12
      16
      12
       7
      14
      11
       4
       9
      11
      18
      13
       5
      10
      14
      13
      13
      10
       1
       7
       8
      17
      10
       9
      22
       6
      11
      19
      13
      14
      19
      24
      16
      10
      10
      15
       6
       5
      11
      10
       9
      14
      14
      19
      14
      11
      19
       7
       9
      15
      15
       5
       9
      11
      16
       9
      12
      11
      15
      14
       6
      15
      15
      11
      15
      10
      10
       9
      14
      16
      14
       8
      12
      13
      15
       8
       5
       9
      13
      15
      13
       9
      13
      11
      14
       8
       6
       3
       9
      10
      13
      13
      14
      16
      12
      12
      18
      10
      18
      11
      15
      10
      14
      12
      15
       9
       8
      14
      10
       6
      14
      10
      17
       9
      14
      13
      11
      10
      18
      16
      11
       9
      16
       5
      11
      10
      15
      11
       9
      14
      18
      11
       8
      19
      11
      12
      18
       7
       9
      13
      13
       9
      15
      11
      10
      13
      23
      12
      11
       9
       8
      12
      16
      11
      10
      22
      16
      12
       8
      15
      14
      12
      15
      14
      21
      17
      23
      15
      22
      16
      23
      20
      28
      20
      39
      30
      26
      31
      31
      31
      32
      37
      37
      22
      26
      32
      25
      22
      21
      23
      20
      17
      19
      18
      18
      15
      25
      18
      16
      10
      14
      10
      13
       9
      13
       6
      11
       9
      13
       5
      10
      14
       9
      12
      15
      15
       9
       9
      14
      16
      14
       9
       9
       9
      10
       9
      11
       3
      12
      15
      11
       9
       8
      10
      19
       8
      12
       8
       9
      12
       9
       6
      13
       9
      14
      10
      11
      15
       8
      13
      10
       9
      17
      11
      15
      16
       8
      10
      13
      15
       9
      14
      23
      13
      12
      12
      10
       7
      11
      18
      12
      11
      11
      11
      12
      15
      13
      11
      14
      10
      10
      10
      11
      13
      10
      10
      10
       8
      11
      22
      14
      10
      11
      22
       9
      15
      14
      12
       7
      20
      15
       7
      10
      13
       9
       9
      18
      20
      14
      17
      14
      13
      14
      17
      12
      14
      15
      10
      16
      15
      15
      15
      14
      15
      17
      15
      14
      17
      12
      20
      16
      14
      17
      17
      12
      15
      11
      19
      18
      14
      25
      14
      17
       7
      17
      16
      10
      10
       9
      20
      18
      16
      17
       7
       5
      11
       6
      11
       9
      13
       8
      14
      19
       8
       9
       8
       8
       6
       9
       5
      11
      11
       8
      11
       5
      12
      11
       6
       7
      10
       8
      11
       7
       7
       5
       3
       7
      10
      12
      11
      12
       8
      10
       5
       6
       9
      12
       6
       9
      14
      13
       6
       7
       7
      11
       8
      12
       4
       3
      14
       4
       9
       9
      10
       8
       6
       7
       7
      12
       7
      10
       6
       3
      11
       6
       6
      11
       9
      10
       5
       7
      10
       8
       8
      10
      10
      14
       8
      15
       7
      15
      10
      10
      16
      16
       9
       9
       6
       2
       6
       9
       9
       3
       3
       8
       7
      13
       3
       7
       9
       8
       6
       8
       5
       8
       8
       5
       6
       6
      11
       5
       8
       7
       8
       7
       8
      10
       9
       3
      10
       7
       5
       9
       8
       6
      12
       9
       7
       8
       4
       9
      10
       8
       8
       6
       4
       6
       9
       7
      11
       5
       9
       6
       8
      13
       9
      10
      14
       6
       6
       9
       4
       8
       5
      12
       9
      11
      12
       6
      11
       8
      12
       5
       8
      20
       8
      17
      12
       8
      17
      15
      19
      15
      17
      21
      12
      15
      20
      25
      13
      14
      12
      15
      12
      16
      12
      15
      10
       9
       8
       6
       8
       7
       9
       5
       7
       5
      11
       9
       7
      10
       7
       8
       6
      10
       4
      10
       5
       9
       6
       8
      16
       4
      11
       8
      11
       8
      12
       7
      11
       9
       6
       5
      10
      10
       8
       7
      10
       9
      11
      15
      13
      14
       9
       7
       9
      11
      10
       8
       7
       7
      12
      14
       5
      15
      12
       8
      10
      13
      11
      11
      15
      10
       8
      11
      12
       7
      13
       8
      12
      10
       8
      11
       8
       7
       9
       5
       5
      13
      11
       9
      12
       6
       5
       6
       9
       4
       8
       8
       7
       7
       9
      13
       7
       8
       9
       7
      15
       9
       7
       7
       9
      10
       5
       8
       3
       5
       4
       8
       9
       6
      10
       4
      11
       7
       1
      13
       5
       7
       9
       5
       6
       2
      10
       9
       6
       9
       5
       5
       7
       6
      10
       9
      10
       6
       4
       6
       7
       8
       5
       5
       7
       9
       7
       4
      11
       7
       5
       2
      10
       6
       9
       6
       7
       5
       7
       4
       6
       3
       5
      10
       6
       8
       5
       8
       9
       7
       5
       5
       6
       8
       5
      10
       5
       1
       4
       5
      12
       6
      10
       5
       3
       8
       6
       2
       5
       7
      11
       6
       6
       6
       4
       3
       6
       5
       7
       6
       5
       6
       4
       5
       2
       3
       3
       2
       7
       7
       8
       4
       8
       5
       8
       7
       2
       3
       6
       3
       3
       5
       6
       6
       4
       6
       4
       5
       2
       8
       5
       5
       7
       6
       8
       5
       6
       5
       1
       1
       1
       3
      13
       4
       5
       8
       9
       3
       6
       5
       5
       7
       6
       9
      10
       8
       6
       5
       6
       5
       5
       3
       2
      10
       7
       2
       6
       4
       1
       5
       8
       5
       2
       7
       8
       6
       5
       5
       9
       5
      12
       6
       7
       4
       3
       5
       3
       5
       8
       4
       6
       3
       7
       6
       5
       2
       0
       5
       3
       4
       4
       3
       3
       3
       1
       4
       5
       6
       5
       1
       3
       6
       2
       3
       5
       4
       2
       2
       6
       5
       5
      10
       3
       6
       7
       5
       6
       2
       4
       2
       8
       5
       3
       3
       3
       5
       7
       5
       8
       3
       4
       2
       7
       3
       5
      12
       6
       3
       2
       7
       7
       3
      10
       6
       4
       8
      12
      11
      15
      35
      79
      65
      73
      83
      86
      95
      85
      75
      73
     102
      92
      69
      72
      72
      69
      70
      91
      81
      79
      79
      79
      77
      63
      64
      69
      72
      75
      65
      73
      75
      72
      71
      61
      80
      73
      72
      70
      69
      58
      68
      63
      76
      69
      60
      59
      58
      69
      57
      74
      80
      65
      57
      68
      65
      50
      74
      66
      79
      61
      62
      71
      59
      70
      65
      75
      56
      60
      66
      62
      56
      70
      64
      70
      58
      68
      83
      60
      60
      67
      64
      64
      53
      73
      78
      65
      69
      63
      58
      76
      75
      62
      85
      69
      69
      61
      71
      61
      61
      63
      59
      47
      55
      64
      66
      58
      71
      55
      64
      69
      66
      69
      78
      75
      66
      67
      68
      57
      61
      67
      68
      66
      60
      50
      59
      65
      57
      60
      55
      60
      64
      60
      72
      70
      71
      57
      58
      59
      72
      70
      63
      56
      58
      64
      65
      71
      65
      71
      56
      61
      60
      54
      61
      64
      58
      63
      54
      65
      54
      74
      57
      72
      71
      67
      66
      50
      46
      64
      47
      46
      65
      65
      56
      69
      68
      64
      80
      59
      61
      55
      47
      62
      55
      44
      30
$ROI:
0
$PRESETS:
None
0
0
$ENER_FIT:
0.000000 0.000000
$MCA_CAL:
3
0.000000E+000 0.000000E+000 0.000000E+000 
$SHAPE_CAL:
3
0.000000E+000 0.000000E+000 0.000000E+000
