#$SPEC_ID:
#No sample description was entered.
#$SPEC_REM:
#DET# 1
#DETDESC# MYON MCB 337
#AP# Maestro Version 6.06
#$DATE_MEA:
#07/01/2024 12:24:54
#$MEAS_TIM:
#16695 16696
#$DATA:
#0 511
       0
       0
       0
      11
      49
      43
      50
      52
      63
      63
     295
     447
     371
     497
     987
    2222
   12817
   51436
   32840
   19574
   12700
    8985
    6514
    4762
    3491
    2700
    2063
    1604
    1250
     954
     810
     742
     559
     513
     465
     460
     429
     396
     365
     304
     350
     113
      26
      25
      20
      37
      19
      25
      14
      11
      11
      19
      13
      15
      10
      16
      14
      11
       7
       9
       7
      10
       9
       7
       9
      10
       8
       4
      10
      10
       8
       8
       7
      14
       5
       7
       2
       4
       1
       6
       5
       7
       4
       4
       8
       6
       3
       2
       5
       1
       3
       8
       4
       7
       4
       8
       7
       6
       6
       3
       7
       6
       7
       3
       9
       4
       6
       2
       3
       3
       6
      10
       5
       3
       2
       7
       3
       2
       3
       5
       1
       4
       7
       5
       2
       3
       4
       8
       6
       4
       2
       3
       1
       2
       3
       2
       3
       6
       7
       4
       2
       4
       1
       2
       2
       2
       3
       3
       4
       2
       3
       4
       9
       3
       3
       6
       2
       4
       3
       5
       3
       4
       3
       3
       0
       4
       1
       1
       0
       1
       2
       0
       1
       3
       0
       3
       3
       1
       2
       2
       1
       3
       1
       1
       2
       2
       0
       1
       0
       3
       3
       2
       1
       1
       2
       1
       5
       2
       1
       0
       0
       1
       1
       0
       0
       1
       2
       1
       1
       2
       0
       3
       1
       1
       0
       1
       0
       3
       1
       1
       3
       1
       2
       3
       1
       0
       3
       2
       0
       1
       2
       0
       0
       0
       0
       3
       0
       1
       3
       2
       0
       0
       2
       0
       1
       1
       1
       2
       2
       0
       1
       2
       0
       0
       0
       2
       0
       0
       1
       1
       0
       0
       3
       0
       0
       2
       3
       1
       3
       1
       1
       0
       1
       1
       0
       0
       0
       1
       1
       0
       0
       0
       0
       0
       1
       1
       1
       1
       0
       1
       3
       0
       1
       1
       0
       2
       1
       1
       0
       0
       0
       0
       1
       0
       0
       2
       0
       0
       0
       0
       1
       0
       1
       2
       0
       1
       1
       2
       1
       0
       0
       2
       0
       2
       0
       1
       0
       1
       1
       2
       1
       0
       0
       0
       1
       3
       0
       0
       0
       0
       0
       1
       0
       0
       0
       1
       1
       1
       0
       0
       1
       0
       0
       1
       2
       0
       0
       2
       0
       1
       1
       0
       0
       0
       0
       1
       1
       0
       0
       1
       0
       0
       0
       0
       0
       1
       1
       0
       0
       0
       0
       0
       1
       0
       0
       0
       1
       0
       0
       1
       1
       0
       0
       0
       0
       0
       0
       0
       1
       1
       1
       0
       0
       0
       0
       0
       0
       0
       0
       0
       0
       0
       0
       0
       0
       0
       0
       1
       0
       0
       0
       1
       0
       0
       0
       0
       0
       0
       0
       0
       0
       0
       0
       0
       0
       0
       1
       0
       0
       0
       0
       0
       1
       0
       0
       0
       0
       1
       0
       0
       0
       0
       0
       0
       1
       1
       0
       1
       0
       0
       2
       0
       0
       1
       0
       0
       0
       0
       0
       0
       0
       0
       0
       0
       1
       0
       0
       1
       0
       0
       0
       0
       0
       0
       0
       0
       1
       0
       0
       0
       0
       1
       0
       2
       0
       0
       0
       0
       0
       0
       0
       0
       0
       0
       0
       0
       0
       0
       0
       0
       0
       0
#$ROI:
#0
#$PRESETS:
#None
#0
#0
#$ENER_FIT:
#-2.326062 0.088583
#$MCA_CAL:
#3
#-2.326062E+000 8.858320E-002 -1.636990E-004 micr
#$SHAPE_CAL:
#3
#0.000000E+000 0.000000E+000 0.000000E+000
