$SPEC_ID:
No sample description was entered.
$SPEC_REM:
DET# 1
DETDESC# MYON MCB 337
AP# Maestro Version 6.06
$DATE_MEA:
07/04/2024 12:25:39
$MEAS_TIM:
78639 78640
$DATA:
0 511
       0
       0
       0
       7
      19
      30
      33
      34
      35
      91
     272
     230
     237
     335
     729
    2405
   19699
   25758
   15099
    9664
    6073
    4261
    2902
    2065
    1504
    1140
      56
       0
       0
       1
       2
       2
       2
       0
       4
       1
       1
       1
       5
       1
       7
      13
       2
       0
       0
       0
       0
       0
       0
       0
       0
       1
       0
       1
       1
       3
       0
       0
       0
       0
       0
       2
       2
       0
       2
       2
       1
       2
       1
       0
       2
       4
       1
       0
       1
       1
       1
       1
       0
       1
       1
       0
       0
       1
       0
       0
       2
       1
       0
       0
       0
       1
       0
       1
       0
       0
       1
       1
       0
       1
       1
       0
       2
       0
       0
       0
       0
       0
       0
       0
       0
       0
       0
       0
       0
       0
       0
       0
       0
       1
       0
       1
       1
       0
       0
       1
       0
       0
       1
       0
       0
       0
       0
       0
       0
       0
       0
       0
       0
       0
       1
       0
       1
       0
       0
       0
       0
       1
       0
       0
       0
       0
       1
       3
       1
       0
       0
       0
       0
       3
       0
       1
       0
       0
       0
       0
       1
       0
       3
       0
       0
       0
       0
       0
       0
       1
       0
       0
       0
       1
       0
       0
       1
       0
       0
       0
       1
       0
       0
       0
       0
       0
       0
       0
       0
       0
       0
       0
       0
       0
       0
       0
       0
       0
       0
       0
       1
       0
       1
       0
       0
       0
       1
       0
       0
       0
       1
       0
       0
       1
       0
       0
       1
       0
       0
       0
       0
       0
       0
       0
       0
       0
       0
       0
       1
       0
       0
       0
       0
       0
       0
       0
       0
       0
       0
       0
       1
       0
       0
       0
       0
       0
       0
       0
       0
       0
       0
       0
       0
       0
       0
       0
       0
       0
       0
       2
       0
       1
       0
       0
       0
       1
       0
       0
       0
       0
       0
       0
       0
       0
       0
       0
       0
       0
       1
       0
       0
       0
       0
       0
       0
       1
       0
       0
       0
       0
       0
       0
       0
       0
       0
       0
       0
       0
       0
       0
       0
       0
       0
       1
       0
       0
       0
       0
       0
       0
       0
       0
       0
       0
       0
       0
       0
       0
       0
       1
       0
       0
       0
       0
       0
       0
       0
       0
       0
       0
       0
       0
       0
       0
       0
       0
       0
       0
       0
       0
       0
       0
       0
       0
       0
       0
       0
       0
       0
       1
       0
       0
       0
       0
       0
       0
       1
       0
       0
       0
       0
       0
       0
       0
       0
       0
       0
       0
       0
       0
       0
       0
       0
       0
       0
       0
       1
       0
       0
       0
       0
       0
       0
       0
       0
       0
       0
       0
       0
       0
       0
       0
       0
       0
       0
       0
       0
       0
       0
       0
       0
       0
       0
       0
       0
       0
       0
       0
       0
       0
       0
       0
       0
       0
       0
       0
       0
       0
       0
       0
       0
       0
       0
       0
       0
       0
       0
       1
       0
       0
       0
       0
       0
       0
       0
       0
       0
       0
       0
       0
       0
       0
       0
       0
       0
       0
       0
       0
       0
       0
       0
       0
       0
       0
       0
       0
       0
       0
       0
       0
       0
       0
       0
       0
       0
       0
       0
       0
       0
       0
       0
       0
       0
       0
       0
       0
       0
       0
       0
       0
       0
       0
       0
       0
       0
       0
       0
       0
       0
       0
       0
       0
       0
       0
       0
       0
       0
       0
       0
       0
       0
       0
       0
       0
       0
       0
$ROI:
0
$PRESETS:
None
0
0
$ENER_FIT:
-2.326062 0.088583
$MCA_CAL:
3
-2.326062E+000 8.858320E-002 -1.636990E-004 micr
$SHAPE_CAL:
3
0.000000E+000 0.000000E+000 0.000000E+000
